E	pcent	pcent06	pcent07	pcent08	pcent09	pcent10	Sgeo
0.001	49.4663036131404	45.5306550549381	52.7581949618375	52.8333053151667	49.1342240214834	28.3600500811269	6100532
0.001115	48.9364907480253	44.9976698035977	52.2278049113271	52.3096471374829	48.5923662736682	27.8607177699628	6100532
0.001244	48.400943767575	44.4594655091656	51.6920114576699	51.7767287538349	48.046732738929	27.3639449674174	6100532
0.001388	47.8607479113258	43.9185384858582	51.152170914637	51.2382569674279	47.4949308011287	26.8660017205133	6100532
0.001548	47.3202161816154	43.3780572531906	50.6118862423388	50.7012695106438	46.9394617694589	26.3703810391771	6100532
0.001727	46.7747004963723	42.8350445109579	50.0657598549031	50.1578397261046	46.3784294306646	25.8773414754771	6100532
0.001927	46.2239061357818	42.2885131024154	49.513371323356	49.6105840883243	45.8099292390918	25.3798213851975	6100532
0.002149	45.6713064943054	41.7385842351092	48.9607433695879	49.0618431694675	45.238691406195	24.8803433971724	6100532
0.002397	45.1115557886271	41.1825426299082	48.4023831713819	48.5052704227582	44.6594813604286	24.3716995722962	6100532
0.002674	44.5483941126968	40.6265858713021	47.838219353385	47.9450490472755	44.0747893153949	23.8708483517881	6100532
0.002983	43.9806764961553	40.0646531186159	47.2709087391918	47.3790132276302	43.4847838646003	23.3736783918293	6100532
0.003327	43.4091359497076	39.498952743127	46.7007928255183	46.8058079165047	42.8930429587829	22.8776012531425	6100532
0.003712	42.8306024521901	38.9274534827917	46.1231484587371	46.2237754182277	42.2955198160908	22.3785051646716	6100532
0.00414	42.2489517447521	38.3573267726784	45.542824314021	45.6362156489744	41.6926487596561	21.8846972608987	6100532
0.004618	41.6605121202123	37.784071496031	44.9569653720801	45.0400207136829	41.0801993198591	21.3904930447034	6100532
0.005152	41.0665629571439	37.2101545262535	44.3645800991314	44.4375869745675	40.4599271349737	20.895600978779	6100532
0.005747	40.4683316246264	36.63763364191	43.7681463413137	43.8293791773982	39.8321597399855	20.4014256223229	6100532
0.006411	39.8639297237036	36.0621180487619	43.1702876689606	43.2108239926938	39.1945780476743	19.9099730276628	6100532
0.007151	39.253646671835	35.4847466892997	42.5694684197857	42.582480342645	38.5489636714411	19.4192178195079	6100532
0.007977	38.6381372846453	34.9075193811497	41.9628826667204	41.9498375781446	37.892387238955	18.9301413772756	6100532
0.008898	38.016932946647	34.3273020087741	41.353892347077	41.3128556225144	37.2225140004888	18.4384642185867	6100532
0.009925	37.3894885135664	33.7375621361608	40.7440340596147	40.668014188365	36.5443976297531	17.9437372080472	6100532
0.011072	36.7553717103824	33.1482779348655	40.1271129947152	40.0158408580054	35.8552343544212	17.4463639863332	6100532
0.01235	36.1154232204851	32.5547837738293	39.5035583595275	39.3563844021582	35.1578573324881	16.9608679122552	6100532
0.013777	35.4654532222288	31.9521008639172	38.8726202930396	38.6859077366587	34.4454777118064	16.4786408770233	6100532
0.015368	34.8068390708738	31.3412616939843	38.2387499487319	37.9995588342433	33.724654411777	16.0003896181313	6100532
0.017142	34.1420457159903	30.7215733457314	37.6009520957874	37.3031539257709	32.9980115908933	15.5339152116218	6100532
0.019122	33.4698083618482	30.0951231274881	36.9581433394217	36.5948962649538	32.2625664699955	15.0779332369749	6100532
0.021331	32.7889993897209	29.4626033172464	36.307941131011	35.8741759873785	31.5183328295792	14.623700694665	6100532
0.023794	32.1012106427072	28.8300087699372	35.6515669328969	35.1433685216687	30.7649321548199	14.1658810863285	6100532
0.026542	31.4078259023504	28.198216822158	34.9862695077989	34.4042926321286	30.0059962939879	13.7137703037759	6100532
0.029607	30.7069030752973	27.5608665179905	34.3134586369887	33.6575367038195	29.2349677213161	13.2692206614438	6100532
0.033026	29.9990589852497	26.9180922024482	33.6297617286703	32.9037715855028	28.4565951770422	12.8338266635188	6100532
0.03684	29.2855537225979	26.2686548411366	32.9373289841367	32.140211080663	27.6779823743305	12.4091397517378	6100532
0.041095	28.5668980908516	25.6165669610761	32.2418303777054	31.3657769524411	26.8944127174861	11.9940674570349	6100532
0.045841	27.8437364965084	24.9670120279414	31.5355000063595	30.5835731932676	26.1090887594911	11.5890122353275	6100532
0.051135	27.1130964687293	24.3172121273027	30.8230936910459	29.7835817444071	25.317506733026	11.2019301283019	6100532
0.05704	26.3769784551527	23.6701251657736	30.0987473480557	28.9722957648367	24.5258876811619	10.8236832131471	6100532
0.063628	25.6349612766325	23.0244356741372	29.3631830379363	28.1511579132917	23.7305489936075	10.4551568256237	6100532
0.070976	24.8868300381639	22.3744880555063	28.6167405844884	27.321209266226	22.932482235667	10.0970862907205	6100532
0.079172	24.1359537725014	21.7194217494128	27.8628924825202	26.4818378160158	22.1434655002593	9.75004288727945	6100532
0.088316	23.380691704227	21.0535784147394	27.1003099903091	25.6327537221638	21.3619033055361	9.41488310325336	6100532
0.098515	22.626147499669	20.3819184398196	26.3288299669485	24.780337444604	20.5985588464246	9.0888055107196	6100532
0.109892	21.8752769867779	19.7130208077927	25.5455268784158	23.931931578354	19.8529673760505	8.7754026133327	6100532
0.122583	21.1301859728196	19.0460885688415	24.7568829387694	23.0885222794511	19.1264857052228	8.4749999164651	6100532
0.13674	20.3931427566083	18.3842380198172	23.9670063114253	22.2500513252505	18.4227160212848	8.18626053895929	6100532
0.152532	19.6650705429674	17.7211254362779	23.1770013848753	21.4197192691896	17.7448773528381	7.90749082782778	6100532
0.170147	18.9483520238127	17.0626656410125	22.3848265874207	20.6021348552786	17.0953365924753	7.63834275205819	6100532
0.189797	18.2387373399037	16.4132181417632	21.5863399030743	19.791503451859	16.4653299397974	7.37761389910786	6100532
0.211716	17.5389629345551	15.770336869431	20.7777583800632	18.9997538310798	15.8569008583533	7.12392114250439	6100532
0.236166	16.8530225469538	15.1340492467239	19.9704389913251	18.2332106608226	15.2666792602893	6.87874784565628	6100532
0.26344	16.1837296277437	14.5118672749952	19.1655001304969	17.495504486646	14.6951508467842	6.64455376648144	6100532
0.293864	15.5348037837105	13.9029002924762	18.3728208788702	16.7925944029169	14.1415036745972	6.41787964295409	6100532
0.327801	14.9041939962207	13.3067746827981	17.5962407286578	16.1218438845266	13.5971762179498	6.19708688010726	6100532
0.365658	14.2903143159368	12.7271487029839	16.8329271074902	15.478866831363	13.0611918987196	5.9840755129063	6100532
0.407886	13.6992352464009	12.1648854310379	16.0966080740826	14.868998704832	12.5384616965734	5.77456253389758	6100532
0.454991	13.1306786467999	11.6291131432399	15.3909114188556	14.2843672490793	12.0275773195898	5.5709483285472	6100532
0.507537	12.5819940383674	11.1141597203056	14.7182725404303	13.7202074415076	11.525459836654	5.37013495399481	6100532
0.566151	12.0566664912086	10.6186555966522	14.0835388305977	13.1796275471495	11.0380850819546	5.17471613294706	6100532
0.631533	11.552387583497	10.1427567966327	13.4856569629497	12.6539790068697	10.5679405633585	4.98411088796949	6100532
0.704467	11.0667422485258	9.68433834821173	12.919929282213	12.1418778736677	10.1132413171174	4.79682375130906	6100532
0.785823	10.5981651507463	9.24341204338869	12.3792918759095	11.6454720267342	9.67193877261018	4.61283444603906	6100532
0.876575	10.1422004562278	8.81405754191671	11.8589488244147	11.1622140870808	9.23763671031351	4.43132002195379	6100532
0.977808	9.69640353759491	8.3940887559178	11.3536692704418	10.6903773493223	8.80942723567072	4.25089968965138	6100532
1.090732	9.26104297728383	7.98799957028092	10.8614466550236	10.2316398889788	8.38523552385078	4.07223267610891	6100532
1.216697	8.83813015666551	7.59561328409577	10.3870068383833	9.78673417020089	7.96757395012109	3.89639394840689	6100532
1.357209	8.42621647987594	7.22274305530112	9.9243576106544	9.35047365156477	7.55963063444321	3.72199498652628	6100532
1.513948	8.02669433745497	6.86772584204622	9.47944791941787	8.923886090529	7.1604611676514	3.55103702458117	6100532
1.688789	7.63835247231627	6.53484028976531	9.05158643409897	8.50521410869228	6.76534457740561	3.38250471722771	6100532
1.883821	7.26162376492585	6.21923009611232	8.64392531308731	8.09254713375451	6.37819261815879	3.21779404931984	6100532
2.101377	6.89762410803047	5.91843192877055	8.2553616828176	7.68790298614205	6.00456841319568	3.05379294685838	6100532
2.344058	6.5443015383997	5.63458478422957	7.87572517067754	7.2918847758981	5.64315365361294	2.8948850276499	6100532
2.614765	6.20164546293157	5.36392261028127	7.50892009083397	6.90108652906544	5.29741162794901	2.73805673878865	6100532
2.916736	5.86749361060393	5.10025490950918	7.15016749942492	6.51806142821254	4.96357339906403	2.58528342461078	6100532
3.253579	5.54172939233458	4.84424479653334	6.80002212231821	6.14508139768584	4.63782356585926	2.4339619210843	6100532
3.629324	5.22170019523475	4.59744105714656	6.45748203549566	5.78150096316212	4.31031204423358	2.28213618739151	6100532
4.048462	4.91353640683	4.35809187582882	6.12428388353651	5.42894972106274	4.00413829970977	2.12933713659087	6100532
4.516005	4.62163961588211	4.12837721678481	5.80210737903259	5.09109885769031	3.72982024591305	1.97590482404774	6100532
5.037543	4.34562164681719	3.90505882382446	5.49510437525	4.77033811571189	3.48064308486646	1.82141110811273	6100532
5.619312	4.08177777273612	3.69179098888565	5.19734129067785	4.46688245654401	3.24492351131613	1.66390517202897	6100532
6.268267	3.82933380473099	3.49041727364912	4.91594193018165	4.17588167633419	3.01790438221304	1.49969036120547	6100532
6.992167	3.5867136127339	3.29865622873031	4.64840799720843	3.89925287195577	2.79601768861109	1.32248976443489	6100532
7.799669	3.35453851152285	3.11793450973014	4.39369025391132	3.64245206003482	2.57603487281271	1.12784259963249	6100532
8.700426	3.12971606229158	2.94425433158678	4.15269540688185	3.40168580300024	2.35317391640929	0.908537013238383	6100532
9.705208	2.90717225946758	2.77743943365015	3.92091327649043	3.17201408885326	2.12171661807973	0.644655260897827	6100532
10.826029	2.68056287971252	2.61446473719167	3.69672562122364	2.9494643560948	1.85238707440794	0.386867168982073	6100532
12.07629	2.44002161385208	2.45497557094427	3.47941716727716	2.73111112209317	1.49803064478342	0.181751914796677	6100532
13.470939	2.17765867599769	2.29855385284147	3.26736443459697	2.5128146058502	1.02586100283058	0.0601211898466563	6100532
15.026652	1.91892434303721	2.14585904453847	3.06169800863872	2.28782077438862	0.551955764679393	0.0116378381862077	6100532
16.762028	1.69265462824253	1.9953599287229	2.85934159888471	2.04258885394014	0.226529345358436	0.00159625863455921	6100532
18.697817	1.48881123109737	1.84758078755995	2.65772772695962	1.73815039846221	0.0662918039087939	0.000295343572190566	6100532
20.857164	1.28450006039284	1.70263053833973	2.45439323576766	1.34768586434393	0.0137364377112161	0	6100532
23.265886	1.06682732805739	1.55818654020767	2.24416278626409	0.884453311352736	0.00486842530280372	0	6100532
25.952783	0.869419855467207	1.41024392827822	2.0106871242178	0.504430085732209	0.000818474174513905	0	6100532
28.949981	0.683674974930329	1.24879881094073	1.7092241551086	0.221709976873388	0.000120285037226454	0	6100532
32.293315	0.502806190185337	1.05545044148875	1.29785197670452	0.0594402470487358	0	0	6100532
36.022759	0.329279205365101	0.791217099755135	0.822863525963843	0.00898611659343617	0	0	6100532
40.182904	0.175923749672082	0.47504468768894	0.410734951891296	0.000988731410358411	0	0	6100532
44.823489	0.0657161467375822	0.217388301938356	0.12817107448653	3.62089769529234e-05	0	0	6100532
50	0.0148431347395927	0.0760196623323401	0.0116551501774788	0	0	0	6100532
