E	pcent	pcent01	pcent02	pcent03	pcent04	pcent05	pcent06	pcent07	pcent08	pcent09	pcent10	pcent11	pcent12	Sgeo
0.001	69.5496463757523	71.6088296030763	68.8594374144748	68.8974937576884	67.7063781768648	68.7987576094079	70.9371369313167	70.5391879238455	69.19182366031	68.0491623240475	66.9164494813966	71.4189288566947	73.1280961648787	19080010
0.001115	69.0786157676801	71.120381281289	68.3415934798692	68.4091276097084	67.2724769951239	68.3391800195197	70.474220692076	70.0706022079567	68.7251419184356	67.590732076669	66.4309257263066	70.9547385056075	72.6645749605569	19080010
0.001244	68.5994274701616	70.6235883351833	67.8156699548402	67.9136540562196	66.8320028225067	67.8701248282146	69.9999114225551	69.5935872068558	68.2515098537035	67.1239232990403	65.9363539376167	70.4838105616386	72.1939706336874	19080010
0.001388	68.114584533442	70.1220788306199	67.2844577012551	67.413376408065	66.3866724970805	67.394541527516	69.5164953711955	69.110539740596	67.7739135653273	66.650939389054	65.4354780074214	70.008235912024	71.7182909934319	19080010
0.001548	67.6261946267758	69.6185791256902	66.74995166371	66.9101810211986	65.9380243992992	66.9140482241625	69.0244277238299	68.6235974684302	67.2937839595354	66.1739068751153	64.9323277813317	69.5304426616603	71.2406267829801	19080010
0.001727	67.1308604291343	69.1092685601568	66.2087222131678	66.400783125261	65.4839639259328	66.4253031672496	68.5211480046575	68.1269914165814	66.8070871262562	65.6896934730029	64.4230060808774	69.0483394844947	70.7577844630776	19080010
0.001927	66.6287329308539	68.5937999508332	65.6623794085946	65.8861569082859	65.0254620236741	65.9289880875872	68.0063104604817	67.6196833848545	66.3143879240277	65.1984440079613	63.9081349164853	68.5603396735019	70.2689679792571	19080010
0.002149	66.1229544163848	68.0768329725586	65.1152026901657	65.3685468785203	64.564305835037	65.4279723290969	67.4834989263888	67.1055924877196	65.8177551878187	64.7032387552703	63.391096926865	68.0695815868684	69.7772587600377	19080010
0.002397	65.6099330455041	67.5539384964041	64.5633138433264	64.845610796295	64.0970860913872	64.9190974870465	66.9492750002015	66.579834139068	65.3126458862092	64.2000293802515	62.8682609915387	67.573663116472	69.279887846713	19080010
0.002674	65.0898596441032	67.0255249528273	64.0073390321639	64.3185511367208	63.623484879867	64.401397099235	66.4030506168975	66.0430498930978	64.7987014798602	63.6885817691155	62.3406105474314	67.0735226740849	68.7769609446804	19080010
0.002983	64.5633788313354	66.4923426153751	63.4479960510994	63.7873983515328	63.1453046147512	63.8765080063414	65.8458725802434	65.4959911724271	64.2759099137441	63.1700669944605	61.80835921915	66.5683902861851	68.2686810127558	19080010
0.003327	64.0317026540618	65.9569002794724	62.886135991927	63.2541142768146	62.6628761040605	63.3453661669083	65.2806059457119	64.9388962842645	63.7447707245011	62.6449856207971	61.2728373695972	66.0596003584229	67.756629645704	19080010
0.003712	63.4916262712566	65.4147642585116	62.3193061662777	62.7150668223599	62.1720432992577	62.8058032903785	64.7035044887006	64.3694206844909	63.2013041826629	62.1105074587667	60.7315556441363	65.544492559031	67.2369550023898	19080010
0.00414	62.9463850356209	64.8693722477314	61.7511616213867	62.1734911742993	61.6747513375759	62.2606375736403	64.1191670736977	63.7906701925577	62.6478419631868	61.5693773498622	60.1880308188164	65.0272353505398	66.7132326249998	19080010
0.004618	62.393738440549	64.3182389305933	61.1775868501925	61.6265235986153	61.1696663116521	61.7069021719504	63.5275490893926	63.2010364393675	62.0820358914104	61.0195694414265	59.6402872986506	64.5052471516947	66.1825951213482	19080010
0.005152	61.8338884834632	63.7604411996408	60.5994647909521	61.0733948234598	60.6570914514848	61.1443211093387	62.9287553749404	62.6007048240209	61.5052672420787	60.4613756233719	59.0889352050326	63.9789677174025	65.6449789512155	19080010
0.005747	61.2681921676093	63.198034695646	60.0167979992809	60.5153398892617	60.1382961702179	60.5756004386001	62.3215648296995	61.9934855843619	60.9204132561184	59.8956434257717	58.5344464866976	63.449615749334	65.1012755384189	19080010
0.006411	60.6953719867501	62.6283794936124	59.4295736708365	59.951617760946	59.611887502108	59.9994781431641	61.7065292547258	61.3783193803641	60.3246636805563	59.3209552239623	57.9764654254886	62.9147644673401	64.5493921550009	19080010
0.007151	60.1162177518972	62.053918075618	58.8377225847036	59.3824373226542	59.0785359240382	59.418637720452	61.0832246235613	60.7552358566532	59.7190847268678	58.7391435113354	57.4149299669219	62.3754551529828	63.989405972493	19080010
0.007977	59.5294399431602	61.4726187874727	58.2401469622578	58.8057073028379	58.5363952572553	58.8304598237181	60.450142931665	60.1242193573842	59.1029567656289	58.1487694149074	56.8489627371764	61.8305374527558	63.4213495395834	19080010
0.008898	58.9355055270878	60.8852025830607	57.6373675484469	58.221725604996	57.9855943334826	58.2369590864618	59.8084547578972	59.484421344197	58.4767969901526	57.5498171796647	56.2780085857062	61.2812689876956	62.8458480100686	19080010
0.009925	58.3349301406491	60.2913220083312	57.0288823151373	57.6318521323406	57.4271092037062	57.6369932608385	59.158664115247	58.8370892672003	57.843019535663	56.9443941394115	55.7024662007677	60.7254246855447	62.2637481513483	19080010
0.011072	57.7262046120226	59.6889812751124	56.4136178212271	57.0346433829588	56.8603517052875	57.0284384467978	58.499698347596	58.1790162024762	57.2003088145829	56.3312776615431	55.1207480604798	60.16251692432	61.6729894915239	19080010
0.01235	57.1102643167691	59.0800823977771	55.7935031668731	56.4314604358192	56.285387301775	56.4104732743767	57.8318326846954	57.5098997844502	56.5501546845951	55.7122049955441	54.5346917986716	59.593193624286	61.0748533519843	19080010
0.013777	56.4856384567794	58.4628326132634	55.1669363953852	55.8197702719268	55.7005517970998	55.783333768431	57.1536595730693	56.828494793531	55.8922222712786	55.0849724126182	53.9419269155163	59.0159166753651	60.4681421737541	19080010
0.015368	55.8528109458855	57.837736106436	54.5361831523048	55.2016293568357	55.106374886722	55.1461895152528	56.4655144945815	56.136588546596	55.2252637600053	54.4492008615248	53.3439304331636	58.4311758317106	59.8516297576136	19080010
0.017142	55.211307284617	57.2046842789356	53.8983126700565	54.5765461862605	54.5028112910641	54.4989504788209	55.7664285487861	55.4346569644474	54.5504874969718	53.8052683636372	52.7394918335051	57.8372548019888	59.2247669437107	19080010
0.019122	54.5599648843679	56.5615403636615	53.2539884492065	53.9424657582833	53.8887561127516	53.8401934859478	55.0549533031552	54.7206771226242	53.8654856877961	53.1530477243608	52.1286437415598	57.2326649267677	58.5870728439662	19080010
0.021331	53.8980859758877	55.9079415115032	52.6024082926191	53.2992132354509	53.2616792474518	53.1693421153267	54.3318976448227	53.9933624315504	53.170738379952	52.4911663791383	51.5105391720444	56.6171545295469	57.9371066248447	19080010
0.023794	53.2252133258302	55.2424123534718	51.9427259798653	52.6455661819865	52.6196326999759	52.4890510445101	53.5972070826903	53.2536613954986	52.4654832710936	51.8212443846021	50.8832394392293	55.9887783052169	57.273838859016	19080010
0.026542	52.5410196880344	54.5637504037791	51.2748151567074	51.9815416327612	51.963434397769	51.7965556102938	52.8507865665327	52.5035765969596	51.7486373604493	51.1414824653941	50.2469317844043	55.34822551791	56.5967702835199	19080010
0.029607	51.8452273493183	53.872488712237	50.597172080126	51.3058059357324	51.2939787840822	51.0899307433961	52.0953309506363	51.7411937085557	51.0203949258743	50.4517327885768	49.602413519547	54.6938907459485	55.9057810566138	19080010
0.033026	51.1375925313438	53.1672408537091	49.9087952080146	50.6188612591596	50.6108490896584	50.3711002828781	51.3284814749044	50.9662952108608	50.2798478650344	49.7542184939576	48.9492733935497	54.0251738263601	55.200001100542	19080010
0.03684	50.4171243465629	52.4445642973968	49.2096455574272	49.9181888175568	49.9135522019639	49.639571445623	50.5522776271926	50.1784222788537	49.5258741264971	49.0469820595025	48.2866902740683	53.341681387316	54.4767166872662	19080010
0.041095	49.683003295201	51.7047488842932	48.4979266373104	49.206740031893	49.2008791211692	48.8940937861994	49.7651314676283	49.3778158267697	48.7555264927585	48.3297961518925	47.6135005798107	52.6431458467283	53.732978129223	19080010
0.045841	48.9342763860865	50.9440738466177	47.7722620452438	48.4834817477953	48.4720228311875	48.1334978939025	48.9642642606568	48.5650813320789	47.967717975516	47.6016692517246	46.929849480844	51.928872558818	52.9700690870714	19080010
0.051135	48.1700215379658	50.1612432317858	47.0314307761148	47.7462698068469	47.7266469760157	47.3587035514984	48.1492817384514	47.7377875618616	47.162220551326	46.8614059249318	46.2349196651178	51.1978696106499	52.1868531890023	19080010
0.05704	47.3901939888905	49.3565585525183	46.2738389185488	46.9949361137207	46.9654527166703	46.5691325348001	47.3209648505115	46.896018694567	46.3409710066917	46.1086488582248	45.5279016319958	50.4490375463419	51.383479663774	19080010
0.063628	46.5941230066702	48.5305993276515	45.5002579962831	46.2268828607537	46.1887865993384	45.7659059502633	46.4798118573945	46.0363108529909	45.5052066949416	45.3434417472374	44.8063052288342	49.6811499720068	50.5568773669627	19080010
0.070976	45.7823936493743	47.6848012589326	44.7098397269284	45.443541832492	45.3965971747777	44.9522714434706	45.6259451816906	45.1605475067862	44.6532618582554	44.564758359887	44.0721381691226	48.893207841945	49.7086593510217	19080010
0.079172	44.955046121349	46.8162907727947	43.9005858390947	44.644709377176	44.5908306381163	44.1298372691394	44.7575856259017	44.2692119048496	43.78599901338	43.7727201190414	43.3239109608656	48.0862460849298	48.8414623781469	19080010
0.088316	44.1117863366423	45.9292722670687	43.0727730965104	43.8280026959756	43.7749194175231	43.2966046609947	43.8740192590064	43.3641036129774	42.904479628307	42.9644689056371	42.5588004513863	47.2587334865281	47.9540955989937	19080010
0.098515	43.2526880822893	45.0200256209606	42.2288148609383	42.9949588083602	42.948445002053	42.4541650911291	42.977419918934	42.4435662934247	42.0099828108059	42.1379491963677	41.7777677209345	46.4097294680113	47.0456121848419	19080010
0.109892	42.3759229330737	44.0894195009995	41.3620432334512	42.1429259921195	42.1087058364817	41.6027135819842	42.0673578220598	41.5059157147479	41.1008093166197	41.2914342450457	40.981662796874	45.5347541171397	46.1137239152154	19080010
0.122583	41.4825472625432	43.1353633933302	40.4751195129189	41.2742409397643	41.2571150644853	40.7435721893395	41.1455844360063	40.5561206447082	40.1777362580069	40.4253725958346	40.1694504339048	44.6337289067983	45.1581125730268	19080010
0.13674	40.5715827649372	42.160148174588	39.5674445774385	40.3878897916807	40.3957457595904	39.877407285621	40.2112961424848	39.5926001105539	39.2383616533495	39.5384414248679	39.3383711312041	43.7021264240434	44.1773591154015	19080010
0.152532	39.6437684157161	41.1617938523434	38.6396195067625	39.4883296288929	39.5253854466198	39.0031608301299	39.2650339160111	38.6168511561374	38.2836310172337	38.6344624809775	38.4862894507429	42.7397454601172	43.1726591433819	19080010
0.170147	38.6990556253728	40.1381968916042	37.6934844845517	38.5744652707079	38.647365673304	38.1213680671119	38.3090872421568	37.6333312773359	37.3149565810391	37.7106201423116	37.6092458379782	41.7462777021313	42.1416231926368	19080010
0.189797	37.7387743814924	39.0879642836866	36.7300046559606	37.6504012710441	37.7633697839295	37.2359991257969	37.3431213594069	36.6445539153251	36.3320085210124	36.7649091263662	36.7114189566986	40.7202164867253	41.0881154286753	19080010
0.211716	36.7628940680747	38.014272686733	35.7501507694477	36.7152795556405	36.8744717481828	36.3444746199554	36.3681140962109	35.6500573320163	35.3380625851651	35.7962991669284	35.7923827738176	39.6601175974972	40.0090629982999	19080010
0.236166	35.7731406535711	36.9190318579069	34.755176121511	35.7689795497664	35.9804306288043	35.4501853836718	35.3857539971062	34.652211143885	34.3377323835754	34.8045303275224	34.8527691497145	38.5687399250692	38.907564360157	19080010
0.26344	34.7704674319765	35.8045147497813	33.7506796049627	34.8095131094203	35.0841913753894	34.5510406371232	34.3979915087455	33.6495308346667	33.3354862502225	33.7943339640759	33.8918671830628	37.4452130254195	37.7795037045449	19080010
0.293864	33.7562176497018	34.6777446405576	32.7362372205341	33.8394552973797	34.1835701801994	33.6438968746941	33.4028149968573	32.6430617739522	32.3329369388389	32.7688814172094	32.9079020382935	36.3002090375656	36.6262908094993	19080010
0.327801	32.7316112824286	33.5400965583688	31.706064232864	32.8560663536475	33.278023897065	32.7296136704231	32.4006303164065	31.6382680397915	31.3319308226604	31.7319583519329	31.9046028237411	35.1367601650031	35.4505815394301	19080010
0.365658	31.6989245688941	32.3907599914718	30.6671378254166	31.8623709732273	32.3662997608157	31.8094976473456	31.3939470701171	30.634600750165	30.3349908544261	30.6886835122422	30.8859674259528	33.958265170243	34.2528168469498	19080010
0.407886	30.6593726792054	31.2337711432167	29.6183873310532	30.8578996640145	31.4491666366034	30.881742483806	30.3819130836367	29.6333311646452	29.3441258299386	29.643609316618	29.8508179312314	32.7699738570281	33.0359488900099	19080010
0.454991	29.6157172498196	30.078345677672	28.5669415442732	29.845336558957	30.5216167084554	29.9419646847774	29.365580779097	28.6341588066088	28.3627650418713	28.606814518405	28.8034094122177	31.5741566093431	31.8038762965637	19080010
0.507537	28.5704420277809	28.9298020594911	27.5175577844648	28.8258086483069	29.5790717744981	28.991315763791	28.3461531063633	27.6379574882757	27.3897499263107	27.5803952624032	27.7494366742864	30.3751452613118	30.5680071845389	19080010
0.566151	27.5273099094892	27.7988121015904	26.4751087214876	27.803433880088	28.6218390993389	28.0313672529954	27.3240516470287	26.6449218412253	26.424853627951	26.5617966307443	26.6933691885596	29.1827640331063	29.3443860570123	19080010
0.631533	26.4875749076007	26.686908648479	25.4420780000115	26.778412335934	27.6516179877062	27.0599201014752	26.3011847416745	25.6583501709984	25.4685929600346	25.55001402346	25.6408582263116	27.9966695534206	28.134249590618	19080010
0.704467	25.4535684032832	25.5965063688173	24.4231738624938	25.7492666658631	26.6688110085063	26.0751280954361	25.2806034472796	24.6787604954839	24.5213083827097	24.548026729404	24.5938517752218	26.8237523623614	26.947768548795	19080010
0.785823	24.4256242415889	24.5267614910358	23.4182174997075	24.7191361295972	25.6721814343616	25.0789749695554	24.2631239988902	23.7074871006421	23.5805280564661	23.5535315036911	23.5556526548395	25.6632516166651	25.7860914587929	19080010
0.876575	23.405952747813	23.4743558251066	22.4269687303134	23.6898227635073	24.6653603913854	24.076761078214	23.2528025874146	22.7430574561828	22.6490529508889	22.5704364729407	22.5305528565531	24.5191769913865	24.6492511318892	19080010
0.977808	22.3957141108354	22.4414565328295	21.45120782151	22.6662560676994	23.6498710627461	23.070444517472	22.2482568751347	21.782886014065	21.7272035731116	21.6005391470938	21.517874320436	23.3930318611548	23.5405914150805	19080010
1.090732	21.3951330922591	21.4255879414195	20.4906967523326	21.6502260821645	22.6279194409239	22.0612714107492	21.2514979532492	20.8270426509278	20.8126311810188	20.6429688440555	20.5185245452852	22.2878974862933	22.4566811054077	19080010
1.216697	20.4057510198294	20.431881639479	19.5456472290706	20.6468894611862	21.6008299257408	21.0494635222574	20.2600216228335	19.8764903813461	19.902767118437	19.697746299485	19.5370623953004	21.2091601064563	21.3990282673645	19080010
1.357209	19.4278698802036	19.4549410018502	18.6181867313753	19.6560436049196	20.5754663852269	20.0356465154607	19.2733020186424	18.9328979780542	18.9996937529191	18.7607624553472	18.5718232122414	20.1602142948123	20.3657150881335	19080010
1.513948	18.4633231791898	18.49260381106	17.7070889767693	18.6812569655362	19.5531118336236	19.0274382774644	18.2957208283015	17.9994771835866	18.105085460759	17.8350552913393	17.6242536332451	19.1382108608918	19.3570556480506	19080010
1.688789	17.5131084181629	17.5448025801331	16.812602403926	17.7274622899202	18.5369464197331	18.0271750623974	17.3291051560525	17.0778515802764	17.2177893559253	16.9227933743702	16.6954636001237	18.1391687446337	18.3717251755233	19080010
1.883821	16.577917740692	16.6105581390081	15.933518813341	16.7946045347628	17.5343406424021	17.0355983915564	16.3782176430297	16.1691082690662	16.3358744683094	16.0238210958991	15.785806126812	17.1624610803551	17.4078285414808	19080010
2.101377	15.6581539753375	15.6905923225802	15.0690958129522	15.8824868309229	16.5473096845157	16.056569687174	15.4449370336613	15.2714955753507	15.4588601302042	15.1379961223383	14.897313813887	16.2082112668051	16.4620349181193	19080010
2.344058	14.7541678805099	14.7853424939703	14.2199749682588	14.9894946849222	15.5828789842151	15.0948357938291	14.5289229483631	14.382262322352	14.5843241997675	14.2659985248994	14.0303456629136	15.2758942756746	15.5316070913964	19080010
2.614765	13.8675161322616	13.8975554387221	13.3849732897201	14.1136090674307	14.6414373514443	14.1538184814659	13.6341437304175	13.5056329611294	13.7124685096327	13.410024738485	13.1858833060136	14.3664989513734	14.6195046286609	19080010
2.916736	12.9998968992124	13.0278090445213	12.567719248195	13.2569527885231	13.7233900646899	13.2359609561948	12.7631348816611	12.6445575348202	12.8450762496989	12.5737724918379	12.3649366591465	13.4800378309727	13.7240961817438	19080010
3.253579	12.1533155645342	12.1806806097622	11.7714968472562	12.4220044832908	12.8311960488242	12.341868763755	11.9159580854334	11.8010581773039	11.9853777438013	11.7617159035212	11.5675326685459	12.6185092420353	12.844113450216	19080010
3.629324	11.3294041222852	11.3576051285063	10.9962541936057	11.6081576970181	11.9651891202124	11.4773255648427	11.0956181623266	10.9780418760326	11.1396406885117	10.9714408382875	10.7938293003234	11.7799708729792	11.9844685558878	19080010
4.048462	10.5296586957521	10.5595927598717	10.2439866561935	10.8168934925704	11.1255311543432	10.6458136227499	10.3016622876181	10.1764834946961	10.3171834382996	10.2022602218378	10.0415890111147	10.9649444569996	11.1476241304017	19080010
4.516005	9.75670890594779	9.79336288980318	9.51507971366942	10.0479605628145	10.3145820135165	9.85109031290609	9.53594801256652	9.39957230263686	9.52658653094707	9.45541663878628	9.31170280051753	10.1733357924511	10.3367687740033	19080010
5.037543	9.01251842134834	9.05718407619086	8.80887935567377	9.30588156985121	9.53333966603883	9.0916786153289	8.79753971660172	8.65258072665793	8.77340145731011	8.73342977431129	8.6076400779854	9.40799781777603	9.55414340930868	19080010
5.619312	8.29985926396036	8.34902321649211	8.12841887502546	8.59229869181706	8.78523800083144	8.36889276543544	8.08950978453058	7.94406858791234	8.06059857564238	8.04220320015638	7.93177205160012	8.6701090897841	8.80000124508974	19080010
6.268267	7.62134593126916	7.66751369761365	7.47729200792105	7.90997766175235	8.07316053481172	7.68416232797621	7.41473974011101	7.27928381594768	7.3927249213713	7.38531339649525	7.28586728757106	7.96049713208116	8.07670337650418	19080010
6.992167	6.97791509470944	7.01183256419203	6.8566155301697	7.2604576898518	7.39929378299815	7.03660359003608	6.77945226811557	6.65740158228078	6.76848931717823	6.76391729361756	6.66983478270615	7.28223369208418	7.38409339617798	19080010
7.799669	6.36912334689757	6.38732271024875	6.26229930257993	6.64186943848105	6.76406666707039	6.42593838244484	6.18305451855966	6.07653940584948	6.18193410003735	6.17862933462573	6.08420177573716	6.63633070585143	6.72505360804016	19080010
8.700426	5.79363247762991	5.79460127318735	5.69548484479979	6.05084083574559	6.16431512001456	5.85034928990873	5.6214950940802	5.53194742554937	5.63096931578194	5.62826064219075	5.52896503043706	6.02697550502872	6.09905646795792	19080010
9.705208	5.24935293473608	5.23384102867487	5.15807785677553	5.48874441256372	5.5965612615543	5.3051244345469	5.0903776810717	5.01741751568845	5.11218592188444	5.10837878564148	5.00539505889604	5.45309978748094	5.50504576344469	19080010
10.826029	4.73285194546783	4.69918645506753	4.65286246166296	4.95724942316264	5.05871853812391	4.78931765365254	4.58628447566129	4.52755288995966	4.621474902277	4.61640049784136	4.50587352807969	4.90720937565861	4.93631780059206	19080010
12.07629	4.24208398687878	4.1878538720799	4.17524275143223	4.45768714354048	4.5513385308734	4.29977762067789	4.11315899691904	4.06358870995088	4.15568710405518	4.14762050170217	4.02808496378234	4.38201278476794	4.38843835893808	19080010
13.470939	3.77576006467668	3.69737927128606	3.72179491236889	3.98778698009261	4.07320757189257	3.83656163404405	3.66525855798367	3.62514535963707	3.71474990550593	3.69926599904995	3.57602704782962	3.87594173297588	3.86111789804198	19080010
15.026652	3.33163735742294	3.22824150331342	3.28787496201188	3.54092716847881	3.62109268634943	3.39495447706629	3.23544785998369	3.20902372686203	3.29507601484259	3.27094488121716	3.14890150212101	3.39040366608418	3.36195043544089	19080010
16.762028	2.90915722477358	2.7838264181396	2.8703223150431	3.11526376302767	3.190668583484	2.97454649227373	2.82442342541359	2.81187493972907	2.89600738107954	2.8627911431951	2.74508040305042	2.92984305303302	2.892258958676	19080010
18.697817	2.50640248984886	2.36434441280563	2.46990058279141	2.70596874606696	2.77890318300014	2.56926184443086	2.43435890516069	2.43033523195896	2.5127926582959	2.46683223866769	2.36218870407524	2.49858445348354	2.45700255944576	19080010
20.857164	2.12406675844231	1.97976725587826	2.08757540406659	2.31354468102631	2.37955416516875	2.18291322672742	2.05661829992385	2.0661067143693	2.14446458521396	2.08562254611125	1.99897680967978	2.10017782733062	2.06108200249009	19080010
23.265886	1.76179146028424	1.63088544636519	1.72734674495833	1.93538245164188	1.99282433931864	1.81263247190019	1.68793977465342	1.70965954315571	1.78919970761642	1.72429008668479	1.66101745535173	1.73695000793109	1.70185186865227	19080010
25.952783	1.41927905156548	1.31503747924037	1.39575625964647	1.57223088318733	1.61176797692854	1.44755372246927	1.32906186972166	1.36251449388671	1.44699277432777	1.38906780793127	1.34916489439513	1.40803607716143	1.38062157883719	19080010
28.949981	1.09869426711933	1.0327681897217	1.09213425883617	1.22533076571159	1.24499144013636	1.08747588893729	0.990859237173694	1.02920985696667	1.1195662806617	1.07905916426453	1.06463464934268	1.11596383267532	1.09256290123198	19080010
32.293315	0.796199155258069	0.777431292608813	0.813262186571646	0.899514586416233	0.894535759663305	0.740287424315116	0.657396819060056	0.695425642768243	0.793991678378067	0.797844435095102	0.80435369689669	0.85431762651785	0.834734529214871	19080010
36.022759	0.526469325707784	0.546116391519596	0.558215876467623	0.588434591896476	0.566235701371819	0.430828609830941	0.406922324240357	0.411230238055358	0.483986119459775	0.54048678236843	0.571353826999253	0.624129561802525	0.618433185648538	19080010
40.182904	0.306206868515542	0.351647990979122	0.323320397423273	0.306024055679518	0.280035555741734	0.23297074181888	0.241545292858718	0.235464952523479	0.201285963563756	0.316879085505655	0.36855872984822	0.430599346964889	0.427536369281501	19080010
44.823489	0.143293092662683	0.195037041296224	0.135502716197453	0.103242477120381	0.114208381592069	0.10997592138087	0.129244119436345	0.111450592218849	0.0728127218970025	0.0891412802691631	0.189114331486455	0.258075946126249	0.252931422065336	19080010
50	0.0416723700616979	0.0691848671428261	0.0255589102773239	0.0126467466150645	0.0316282830756104	0.0412412119393563	0.0568845794749727	0.0374561023017592	0.0178455446761126	0.0071710106423847	0.0314323291086321	0.0863427860745309	0.105319333303536	19080010
